874875
607012
897428
669965
326243
813106
169131
507889
810989
737976
47491
63681
156709
745837
41419
698637
832452
109141
840064
3039
521395
630402
421262
272839
392629
369386
941944
860192
231116
445531
138406
346752
199201
882567
156783
188796
23504
115580
832669
339692
827809
90380
443713
367953
665583
850833
870177
758017
44984
131868
915773
406125
384758
754235
264798
805105
391155
551620
181410
49550
804028
151559
593040
586848
824507
178678
642348
589697
807184
352064
140699
932197
476467
508201
611091
14290
9789
796664
769539
98291
819615
167894
361347
396421
761699
800637
242292
879703
798778
301257
474666
666305
856940
347912
994237
891320
726114
949668
96549
160187
376685
643959
589672
44415
990943
765338
965333
590939
341139
384321
351533
485411
885125
637173
327123
334892
96105
945810
902448
516898
94756
61567
100044
179407
610003
957401
605519
270407
658967
340158
901115
925745
107145
957866
143100
150494
446604
936586
799003
491743
713017
97158
721854
319654
451577
574275
905958
408849
37386
88601
642381
743599
457647
907275
172197
858026
870974
868893
221680
566428
873452
846197
996021
639074
421514
672973
306746
835229
788529
871261
512955
717890
764946
480773
867566
843634
551133
914511
677181
246202
437549
42886
407808
613863
418626
643199
498545
198311
344784
942188
181479
286793
81214
226395
48434
19359
412622
398438
453829
439568
109822
916840
97788
929678
657156
772890
294794
600306
628881
30075
500534
779723
598264
979950
643244
479405
764812
152880
685723
600146
193108
262907
630331
687004
670985
663060
871659
241521
715248
40770
400210
956118
179941
892588
865284
748268
255161
783245
916421
140975
383648
516168
560119
361298
767938
120871
492197
510102
692578
997217
496025
293910
843938
647369
33008
103672
174395
173323
94083
675476
628192
121214
229595
174655
223012
313194
429859
307445
564324
23465
189782
983306
858824
227138
658345
126189
888782
678905
247366
464507
210883
263096
453847
517233
51152
397482
936335
537517
981799
270278
78119
875398
486346
343129
368722
77635
946150
862403
940003
55376
414429
86956
504361
819329
783183
562607
759869
607291
593883
51864
50832
710353
794582
662029
702137
941757
204083
305617
981878
486381
308094
874111
89158
818967
282762
409378
912565
485693
817783
116647
559730
806363
394251
278777
819484
973447
161701
3609
785545
599390
454277
264506
844259
495058
287752
878780
108836
349887
887091
909497
168647
28231
408541
473235
714504
396636
540723
89707
199524
953161
595969
518683
200020
42607
36128
495534
552018
110446
116378
898717
656370
273418
476013
660908
569081
466241
57012
170003
623325
561556
689132
997076
365787
154173
44584
535421
532328
150885
435816
538124
636621
913568
106715
601219
500267
465963
250528
355253
714060
193502
977057
500184
587424
540715
847231
846858
616707
442221
394842
212870
882871
610981
263331
361427
75274
351454
199671
168930
30610
265477
167996
860290
774697
75152
272304
460553
59723
799696
10622
577269
300640
692185
622248
250065
631821
667284
935223
882235
528708
432530
172903
203711
69070
173417
636547
805616
444614
436472
45075
33650
776082
804719
583665
930895
633604
66366
389608
480200
918940
840243
286853
612106
927410
40474
69941
316360
474651
138049
533514
723386
947018
908419
745359
206638
14297
241919
768949
397596
529532
637785
155713
502224
833180
202718
47735
461045
277406
331387
658410
304531
291224
758966
231508
521361
718343
344758
318434
379142
476927
771117
358924
915520
814127
323369
102194
752186
558145
54098
363585
975079
806670
929117
975966
71186
432981
2641
565702
315642
639567
275623
959727
62400
544070
653915
613286
107586
443428
341848
437149
666687
969530
82027
798641
535079
823276
883592
272538
685938
153875
268881
925948
900426
936287
612369
535502
22093
892154
845968
155715
80768
598154
661221
884130
840781
430614
351582
501869
294171
906363
606984
907453
241615
797153
898016
907292
382130
118653
568546
977981
267166
724860
393265
73553
65528
774945
150620
415094
332656
781904
711757
470647
881068
301025
252574
10062
408399
571078
458659
202495
755227
582252
11841
213479
537014
112249
222275
654013
422743
245587
401438
535898
517456
771030
459077
95501
146688
638214
251143
962440
837876
346917
405895
670164
447134
741030
711833
432157
189362
184211
663798
440525
795470
505300
432538
682945
142580
418973
348204
419520
481376
350747
969735
12767
819348
725316
949733
762053
109503
813359
198407
757984
641174
174304
300359
542797
432883
581203
744406
539567
486796
68739
289368
796012
480100
406509
707647
577978
840743
867129
223671
743177
183253
632331
195670
627490
764961
560100
976993
384202
963749
322042
437089
330737
775526
112549
322474
878013
982947
229959
494477
44275
956476
834809
93210
388276
14689
101373
846201
435929
892807
796117
65272
320067
146756
40269
356748
404712
254635
643655
707721
123237
768264
933013
405076
124097
114594
440452
194170
88281
550049
166289
190503
259419
330461
385431
320400
810473
375061
127573
485696
660196
575076
528874
222586
248067
425799
226413
356261
78145
845555
846591
40643
550321
885827
424806
616480
711669
533860
286076
921241
81147
962391
514954
40731
627612
390724
647930
5003
314162
187173
632671
600109
361046
964992
415825
292435
524910
202215
744732
243785
243883
350390
898305
533102
456053
488046
98437
994640
263085
321758
295692
532600
381303
741034
871682
378700
499262
192785
555383
521831
243879
857001
511808
457896
446433
977266
128822
483139
795261
728138
501510
985697
763727
685922
993420
577820
910046
310236
540095
455134
259825
840809
552722
69540
502656
667280
378363
58750
160892
539348
278072
388202
721704
950423
795398
830006
962816
650010
205094
228778
347788
518387
455542
485680
418503
971682
648236
829651
570495
656307
633841
738784
461036
438749
746688
824991
570400
600058
48242
101531
113461
703928
704925
315699
581837
823098
286822
447886
685986
680870
841192
53445
362228
792845
568325
855228
811382
878578
807171
882343
243742
653639
824302
494664
119356
609667
592154
832776
193083
543306
341120
589511
600683
404488
174962
511924
555161
500354
450126
711490
961881
213159
936931
685509
406460
168848
4258
934157
521202
227536
199208
195294
693856
757976
629367
613109
446727
405136
497674
606870
584682
963349
988541
812481
387348
27069
458741
232260
703816
807065
547714
647286
797407
871992
389339
421867
183575
603561
580834
61113
505786
838123
944341
270310
702194
508297
402879
808723
330225
95343
484735
130660
936672
356291
68996
663067
787645
99426
989802
581625
105773
747540
28045
116265
201260
50416
636600
742207
528948
586367
468837
94078
755266
627187
410019
78363
376976
531708
347336
453386
297873
80227
356705
96198
40093
65387
333111
282233
943477
14658
346115
566233
789396
135400
163327
271949
774746
445542
452000
173263
657305
581244
142537
680877
195399
957487
317593
736348
712858
798319
776580
659260
734462
50608
117776
393465
157624
348436
778849
954795
352785
4843
981522
395352
918019
473466
937213
268394
552599
844681
987873
403073
659794
719154
579885
779689
840890
236327
98758
433841
400493
126130
628499
611802
347375
399321
641910
849621
145652
695156
476698
254922
647868
364666
207185
33056
224513
83638
182497
218206
93805
161476
69546
645238
251057
740420
712708
429553
198711
764186
502002
609859
886114
935912
227716
152766
882405
882348
591782
218270
826342
394573
644873
441648
623703
925061
423029
999991
695859
486780
968806
400541
822418
722034
739283
253179
766301
187112
126906
770875
921423
833354
449051
379614
681092
256091
298288
613216
89574
529954
587733
418716
609708
352397
974507
104379
516264
776833
599190
425128
507717
32599
240301
719120
618384
801057
50231
584394
408365
845430
12644
315938
710494
76565
141311
211274
921515
977631
226400
896528
938958
807813
626705
25218
365683
158411
204849
58402
530843
244299
7457
347520
208992
779535
703367
410231
658361
407979
110367
114717
744793
438084
364553
469409
469622
65626
416316
852721
177754
358915
573063
811402
86500
28150
751194
6248
546189
403852
948456
490389
620373
108918
202720
268065
156414
624638
964311
737
506536
323095
376441
802578
454903
566682
431918
298844
708053
160054
354174
508304
514035
780630
836805
654872
589837
10866
968191
713755
557208
248791
766393
353909
513744
82922
254416
951258
199099
683451
917057
516090
455450
383697
197924
703255
326858
904107
418880
555200
193902
605706
134010
265604
798009
750649
466368
45306
874118
994675
418130
122414
380851
239520
493423
14934
994126
532952
227970
476950
613124
919896
380840
938331
116814
20203
610948
833137
504735
636904
434626
943341
857473
883414
140413
772185
260322
158912
123406
5421
947822
798234
793833
318890
447431
375931
813208
147346
427289
453688
916246
542111
286096
26155
987904
914104
262333
42294
382259
283978
985598
157659
693588
642544
944582
307616
319880
162358
304184
782311
195174
295289
868583
231280
9453
241095
757529
428903
83499
878447
539922
691484
820985
12580
151724
552551
321194
712659
914521
675044
303155
587161
366567
7387
965636
77013
419873
874990
787263
233932
564943
39574
557233
995342
459005
755758
119420
667441
254069
507680
411334
184463
447955
418001
384260
724828
874385
287435
302054
433863
687529
845054
733437
327946
841886
67910
276276
936376
620140
363086
682211
874980
219653
996145
586134
339383
272487
396957
487391
456106
444385
877258
978235
536059
934878
853836
469912
537716
783700
887064
827921
466208
377960
716585
395350
9738
449996
4241
856843
446206
157650
678959
275622
740588
546642
619067
422122
797592
809041
904642
205187
34284
272294
25766
615398
793837
980062
242160
95001
634249
59102
755490
660021
194814
805688
477688
417530
168338
570606
956970
344695
888516
73460
457802
326079
179620
735088
281866
481829
409536
981111
164186
761746
137447
240162
981847
628894
353852
537081
72346
411250
73336
164402
174435
561064
959445
904685
376341
628951
736203
671761
484643
233413
372278
240737
911579
686305
411473
944582
519435
220965
367175
829398
857705
962063
798604
780980
882045
874861
543117
562028
553608
936489
591551
532368
683180
682937
262509
63833
6579
102869
656705
306912
756144
572992
853923
18082
927657
159599
952832
614707
32913
147021
847868
488674
375187
96139
587552
880430
788184
84701
265109
291838
338626
36102
654884
499286
708446
204405
227070
717750
844630
950765
748387
361990
993085
920039
407851
152846
417442
606290
294435
24599
944573
81959
97385
403608
975629
357925
100144
948958
754754
440273
895279
772610
497186
654470
760505
489539
444275
218801
304856
187611
35042
366293
819222
552472
162178
537966
746941
934454
915005
300175
827822
102526
302699
674905
762913
794582
198167
514265
697539
943839
146291
399092
426559
637925
739806
296419
988517
450170
981917
871723
234264
771962
426821
919226
30869
170454
917628
847186
993057
597722
425723
534971
22101
485453
836473
164853
476063
373514
523209
823845
495460
741257
204760
769519
864872
137164
891376
258666
803719
535456
689707
748730
248369
87547
859564
99399
512933
81721
793509
125310
697554
976180
524904
480752
850699
828611
960857
393353
685878
309678
283572
206135
603458
758367
866941
35963
874635
413836
614785
111259
107360
41480
842953
513037
532936
660125
699585
110656
227221
972815
646149
457342
111790
405391
706428
290404
468124
365073
31476
67206
741841
445524
825607
660340
614163
825366
831808
934071
674272
33888
384557
429029
538895
590695
503816
793209
934420
765290
626059
914794
82004
848109
346515
935872
707631
876271
981371
456063
136723
715321
849498
271167
226885
762497
920338
934336
342547
307568
877913
275925
181717
764035
710484
773029
27750
566503
651195
320858
917979
519295
667143
525508
296266
776875
722592
111272
947959
438411
726647
415563
403437
946814
416521
230630
540396
96858
424594
443623
815176
477472
430772
25238
409927
600074
611255
921985
595072
797817
560606
318339
775483
219866
486119
552340
13973
890354
751769
691894
307179
853394
783631
408882
526560
883564
939452
324331
731226
105508
192139
440270
509474
136830
380241
622547
112385
45207
338093
353738
405493
493636
434069
136442
83516
937028
917518
994619
168321
628828
3218
494262
541731
498121
806801
584584
152499
665702
85394
347040
580697
481800
234808
431855
842978
488720
147907
560413
678611
638359
348387
976689
68882
427616
279989
142091
411391
353924
753261
285411
596000
238688
330283
643269
210593
518125
862364
356271
242528
559048
486524
22258
935611
421369
133637
850415
912594
259615
4463
208611
279669
732503
529322
111248
192107
372636
43038
856036
279151
857633
778784
585460
401450
519508
812855
22373
445790
230894
276895
9019
249548
14684
494980
764910
291257
337945
700000
971390
483859
71455
637096
889328
263674
522974
671517
721273
180794
785374
984039
340552
365582
879991
59178
327137
571116
821111
949762
973790
972903
779193
735962
555832
544846
978524
187742
694042
624419
829177
886736
82568
230195
63715
966869
202359
801299
325795
192652
895523
291079
740870
309848
837130
966218
488416
475317
8383
837713
290642
101147
248691
381578
34382
632765
844083
94849
450881
621513
895517
476383
892452
949285
903029
222169
765478
216102
600300
781288
105994
111106
579095
931371
117104
53240
654177
701350
226719
509991
236656
794474
369637
180854
207396
646029
749737
666769
911958
387887
296043
337607
934707
285947
390717
856823
252095
666750
217502
225757
213746
955955
255925
269584
554878
214108
29563
202784
304707
474034
205934
284042
22876
259418
541096
598807
269573
895552
963770
692332
594906
610945
301836
116824
619193
972426
768295
953392
968269
896566
344293
22818
926484
336701
623589
808756
674991
757514
515809
82736
894040
678096
445133
842495
325367
889598
326549
453396
614428
435027
653551
817341
382080
76427
489203
984342
11457
768661
16710
869030
78185
609164
576174
637678
700689
839516
790953
890886
342233
737359
470052
982914
757493
656144
462248
690689
843808
45368
533130
973861
130904
15429
638026
751846
522784
898907
671765
464592
691577
304028
890506
680912
215552
356266
721357
171516
152120
180487
602272
673467
241524
188715
827721
38584
348081
407575
114888
580412
63174
904634
750644
212670
617874
354338
731337
406690
382918
921894
265399
86146
269925
937444
373067
324474
290098
283028
88011
113686
375314
21310
942408
532850
321356
557715
33
360343
374206
546578
691164
546035
547683
827115
98641
987907
234339
906441
146147
742143
51426
894584
347805
136595
149860
340376
392436
254552
406517
117296
856332
909096
18784
364793
765151
537883
25233
503307
558562
414000
187358
510148
250509
190641
484742
968600
223485
75649
199622
884044
146953
866535
196735
898621
968074
667438
540426
329849
787137
356511
33413
408866
700618
775591
610210
200367
371540
173536
773119
949020
169812
650460
419806
16093
214494
222162
478888
145205
545421
652355
743560
527580
953413
384889
173206
24853
706265
748958
719043
951452
521995
107381
422247
18740
661333
771339
131639
399591
938179
314543
692884
384712
779786
385609
872297
771035
207652
239508
595742
947633
755651
987246
306707
626113
893663
997553
377578
300092
482968
975112
544205
812347
153956
986987
276281
858387
267181
112208
844678
861664
295565
449025
601747
418337
48555
930193
651748
428428
148296
768701
655943
105431
563401
384686
990521
287850
807638
348834
855413
863868
618879
218406
218176
664278
547907
139083
669523
878994
907176
739155
365687
908928
956402
152131
237722
577694
34832
969701
558943
796559
589344
549012
779104
101246
692990
376568
257565
960648
700390
125629
157539
395193
144368
634784
299685
236578
842497
282486
215673
310733
452713
135605
990978
932379
393922
809666
741066
362192
130538
194252
726228
296556
309132
69086
177751
35085
130904
164695
881700
702519
645413
406059
446500
789312
359051
918509
966620
319173
665959
872206
487069
152011
129636
394834
272011
287175
570210
591727
385718
544605
245374
178472
505206
670399
152240
353081
201269
738571
622863
313164
148281
702141
937961
258104
852996
84465
641359
807045
528723
95598
601925
510582
683632
908731
640308
537353
840585
438141
714517
676331
560753
722828
241395
511384
604433
938926
120312
996800
629848
139202
420893
690746
304351
49365
498365
588230
82334
638644
508108
835940
190287
725998
905251
608411
551809
583552
535686
78293
484036
355280
351588
723054
1820
121639
617573
176282
477115
609841
712871
453820
218431
874610
280397
663273
258837
755722
525361
240028
270868
556351
924072
343708
62852
180136
467837
296085
553521
915142
837387
844782
470432
159277
579976
596660
272590
644452
444373
180623
958797
135722
518147
571629
490655
156816
707223
536017
532748
24931
399401
342843
92449
365353
861549
726715
427897
320405
34446
584722
285108
867440
909757
43332
123769
17012
600366
340732
496202
175080
548321
435900
155067
622028
53891
377757
782798
886490
454737
246077
459366
773408
835982
910408
114864
943445
109937
944058
249538
234834
668524
777297
146274
368911
581948
577222
649166
287064
493894
401312
336707
129488
946577
887536
579243
785107
858199
115910
537725
17207
270891
304757
634444
400770
288960
689477
406290
695204
335297
272451
937224
820094
468021
129778
259030
301806
519981
613878
208057
915219
250467
100525
230516
257553
531499
894756
540076
160206
830331
532099
848832
169707
895293
989951
616399
810350
603873
258458
391731
978748
389930
311105
358427
614507
531211
762257
636645
741417
848821
402259
243393
79979
47085
360219
867841
694823
5221
860478
779439
559476
821531
410780
253994
496152
306282
788527
876511
679698
921262
376045
959469
782492
871945
236612
101346
881055
172514
820082
602585
445338
24445
340237
54831
88069
776158
675593
924142
264273
64219
111191
360025
779980
475848
360979
779506
794381
217992
88710
999115
981091
829989
579851
817507
651909
934827
307831
987594
940386
388313
884993
459461
592721
955913
291983
623932
519948
823832
338831
41576
28062
833881
26839
803043
561703
320955
852430
234032
872173
827427
122460
131798
752042
770559
35041
100012
866287
347011
620763
834898
753823
572778
636250
407975
773536
377438
155346
689358
625309
98302
912739
60436
89294
553081
420706
475912
795558
108973
501706
752549
161500
811526
157862
685594
115808
688441
632966
223768
865484
801448
113441
469794
756372
483682
761771
715867
227823
470459
679240
72064
968597
308138
954369
500601
643772
508743
169294
229958
981395
407285
608350
590292
582790
574243
941502
285178
551894
937386
339793
994610
926689
475182
820812
990320
939727
458226
119262
136853
334957
735705
531021
250495
324508
490604
988662
292981
281761
220417
92212
288106
936007
439364
941013
166700
659178
743604
390856
969063
416565
432749
795141
963881
91179
838912
379615
278713
185282
878857
147348
579580
352902
115273
613878
185780
823503
789975
732074
760958
539739
874849
82054
382580
751140
175585
773581
359360
880769
918791
536668
639795
713355
54809
160710
34867
341075
716570
783270
764106
847137
889088
526711
26565
407469
364692
634207
396931
347311
485864
566208
851836
702161
10548
484284
142592
1498
674053
171313
47956
318896
667201
715335
764149
113567
302088
218919
319252
26104
594886
386755
435218
585104
359318
91218
703140
731575
674998
919001
286034
174441
271535
261454
618287
853212
452356
727116
732045
202755
671418
526968
908207
490374
771523
11289
323321
226790
194675
721534
243554
540350
182960
161493
103056
447719
102654
989055
496401
154498
544801
483228
713445
875688
782228
950615
949790
178569
496024
201402
737222
519559
423699
346943
455821
471761
726806
949381
13127
121401
427540
988304
905577
249021
221832
200234
913604
205244
340731
93863
624153
841140
902356
347217
822989
459637
373478
352543
554084
517156
342777
390512
304484
723540
797100
287403
340435
263614
487531
437263
694198
95076
773862
755590
680853
665197
544056
471937
110525
932681
419529
665866
553852
281279
477635
104038
117150
768181
149434
245768
188607
162902
783886
250213
527966
401322
608836
440416
889561
404748
464678
957770
92173
695295
738344
275004
79091
876597
383262
826652
47849
842775
775199
263007
171551
528830
424396
736888
782271
122016
241183
192139
141946
916501
135237
838559
87271
412525
217947
870084
902531
836494
772799
11305
747896
989852
460534
662035
850615
222327
933737
250405
452674
369025
149879
902078
200849
691105
192253
686471
263747
216160
335065
510447
965278
387166
421906
195770
135163
597777
366122
398674
694445
16955
727089
808219
217609
87363
868146
494686
342818
219649
159985
370079
937858
498690
57515
469858
871832
668064
648748
168381
91218
265453
450999
500064
453820
544392
812721
474113
435270
736721
268522
642756
390113
285267
590453
211196
523154
907770
80381
662108
106601
740728
856304
208299
764717
355797
499684
384241
840023
141581
451417
740489
953771
400068
970798
914574
878271
519709
304841
317788
749769
756020
954594
299332
468004
475853
570579
927637
852159
202855
61248
463227
752823
439398
956355
188310
855718
34150
931409
505368
355319
814693
669868
120318
25129
311021
916494
685408
466258
658441
658321
492811
477090
187370
858894
681968
554186
782683
67007
952037
508240
826743
522879
955382
58741
427916
92730
388868
57176
680336
476987
296766
680948
900868
657842
252434
538848
145674
478655
895471
133782
821467
580684
766893
539606
875502
661910
506932
466277
873532
168202
258375
111193
256411
78858
552957
324460
203719
406526
49113
651947
826734
395800
236474
762404
863253
175292
625823
613513
653246
794707
2781
466663
936974
161492
39329
521332
936195
380878
929320
507385
254237
398620
742492
47192
362196
647534
876012
979376
826185
606911
323460
122126
974523
798144
478181
146397
403938
760447
841277
327935
580320
977252
314100
951984
802218
556914
720873
55617
964280
710606
829194
10059
882955
715781
414476
168982
428305
105344
848917
438621
343389
280698
286478
161741
426689
611043
762354
149798
703213
351886
428777
46343
316350
392393
708566
459539
135282
924298
363627
462840
491650
614292
347712
130230
34422
757339
841043
746074
423318
190134
48984
209512
468858
451913
187772
939448
371034
794074
577375
278585
908822
160605
914871
993580
789173
188049
611323
973276
876831
606742
540922
638109
695267
164345
673263
891157
414207
338152
837924
664944
520701
654478
305103
247991
508336
391368
956869
611228
213183
805183
570672
896786
875227
792091
140063
80300
610509
72278
217161
572743
741873
567663
977202
188951
355170
633204
77597
477373
522975
197353
412242
879224
869309
668999
546370
565072
536535
676228
958098
83078
159589
316508
209852
145426
152859
618391
826194
978164
471476
341599
964143
664534
21514
75366
927901
823009
62482
834161
201960
778633
270743
995419
954897
109899
613898
475689
900721
83291
823894
499583
995473
23714
50549
180201
693834
111472
227382
400180
393821
445030
788095
159308
257239
463734
634718
637619
809335
985742
677420
712181
593227
183852
841134
561243
682953
795503
165631
291229
43570
743142
513342
230018
567579
127258
443201
644243
113980
246778
8948
158836
29606
900156
596797
83801
441959
725363
430065
186219
78576
748112
37301
184719
490033
625058
805641
389203
332013
292313
722584
460312
796433
859533
547048
221184
372451
625938
944541
818268
865232
37031
571452
298504
3694
249389
699931
846896
27989
725823
737506
511561
363343
944286
914548
232543
858908
871334
487880
386232
98610
324545
40258
858959
975569
728222
843185
871368
62457
52784
794425
389385
307241
920695
141797
978172
237097
960362
61275
382149
162817
494343
170123
947216
841878
559329
224704
240555
680406
72762
577850
868889
832582
684551
452083
547842
490608
482269
722686
933062
249184
254318
698581
587993
675500
457959
339143
733740
119079
387693
451540
103177
355372
294423
675888
304491
872831
366898
484432
588609
485244
554373
996191
810430
479463
183011
139927
675604
693186
198476
585998
72535
758319
653257
911612
403605
242479
749678
664172
350087
574535
348174
343879
431978
449655
355281
839418
57010
875145
816940
519529
492332
140429
860085
8441
337878
772858
849130
654606
632177
975575
253839
839848
679402
134531
761201
570008
50670
728757
106323
238343
983147
381378
945972
59395
577252
848370
853299
433734
775273
457936
173384
422930
93948
885394
46655
589293
479092
176830
380834
686388
452109
619319
931986
73992
926198
396353
941334
275153
684388
964154
966922
793149
531972
737918
647820
162648
562720
986559
143464
222019
811237
800378
901841
762718
803090
618129
227621
36856
159839
78283
844963
85503
467874
893867
279626
487979
77941
41069
421116
926332
366535
798864
68010
909378
260810
80247
608215
107167
505445
55233
240818
9377
232880
281584
307295
40132
887630
431315
367249
836908
450864
229343
627469
132651
213203
405202
212994
567906
51710
299594
554978
803736
281280
264588
862569
506365
671171
149622
244613
130950
144151
975007
551902
944587
8771
360488
421799
397571
314492
398458
324476
777159
64957
439744
633612
59509
576396
694477
874298
13176
226210
641353
337021
901478
201009
985669
188979
581255
623895
309847
62624
401978
617546
619731
856199
71865
442644
705733
142172
576608
840476
610018
146857
311504
104030
519205
738150
819240
203647
86649
238160
913257
501345
529174
163706
510591
202141
840219
189957
198261
711231
114656
731206
413723
492640
290125
537584
132621
857966
575547
617694
125992
353078
459545
614512
174285
56181
469819
485539
106998
152362
789106
968066
174438
607788
424158
846554
52043
630952
871258
481508
727918
878896
125094
407862
630651
43066
437407
65764
617214
532507
447631
887801
859661
461308
179812
34067
244546
42768
928432
40129
630440
794482
240307
522807
196588
666550
40574
874839
159741
319393
447845
571868
336343
298154
976903
313836
383734
777401
636931
727727
66713
882914
899037
769778
564743
336513
628946
282602
660292
315478
859028
386355
630230
969800
708410
512929
799916
998551
850733
928284
13541
50913
676209
530449
724493
487883
697905
559304
15956
217485
811819
609186
624652
899274
736057
996459
959572
803196
326561
101596
182746
3397
495110
778937
650549
389282
139906
307173
401724
184193
839875
639755
922253
276274
60882
906783
117422
686645
275381
218576
277822
926743
706591
826024
838792
829692
374101
603918
901689
679838
739892
640874
810608
110081
532084
443070
559603
288391
258254
888925
443167
372925
511050
607960
156653
79377
415835
899471
503539
474757
473457
655285
972864
788502
610800
5739
712875
114855
467580
569167
845855
369714
819928
252548
644311
760625
569640
524625
820128
330403
912510
962659
66013
842817
140003
660138
32488
393080
25606
775125
123869
646363
900484
97586
853152
534316
332665
18894
8382
572610
789792
697850
552055
701718
787541
534967
282
698737
804139
290341
9901
759727
675961
310384
39398
810130
280054
364761
243482
465019
56440
537316
211303
331499
326426
463352
764796
522284
422701
960552
796292
832524
362801
761938
43506
21183
169627
626658
775197
33803
970990
578021
592247
805231
694762
398084
936584
488885
516984
794224
444348
573425
217411
845516
979865
368169
250236
435365
43462
765369
647356
381734
258842
20465
837324
887427
814667
530696
85228
750276
60238
237962
537039
496727
936547
333555
786561
232172
561720
400434
473915
537546
83795
992950
671566
184046
863962
924415
717245
786515
159873
209720
712641
770854
741280
693163
122610
192028
289248
880927
781674
6545
5355
393173
142946
376975
588742
752435
789140
465928
626594
933032
66192
963058
487532
210482
197050
281022
7649
370381
386540
954994
615319
262992
237765
285170
53626
22787
266323
672870
528212
11439
420712
418207
933518
688288
295572
970933
791849
164026
159042
755948
677396
151405
6272
731104
191280
390970
598244
777296
3880
400392
848351
869492
87164
572666
978763
732226
22429
231512
584429
344186
187789
241518
114637
223962
704982
166118
310360
902612
256460
768217
820205
368588
271475
856319
558599
556736
523780
93241
366894
145405
883770
405018
191431
24393
824359
54370
302136
801302
292525
276092
41074
625017
727480
610989
212430
422422
331538
720509
503717
368064
181255
515953
262598
36409
404094
894155
544492
222406
439795
235819
593245
858517
355853
93146
820437
804967
292940
170198
908477
544852
378795
782425
878469
976902
868066
471033
835885
566045
840773
343410
635400
85579
523509
12557
890849
64624
185190
716475
597024
840663
603126
312750
127175
809374
295336
364052
523319
62569
71546
457033
806108
109958
967922
230130
496773
791575
299617
325013
665745
805092
390333
621941
600896
495876
519598
671051
622881
687542
766132
189595
665911
366850
719613
859420
989326
979236
483362
429469
788697
939831
996920
304862
534713
719767
470151
387113
583975
528660
639498
919293
977836
181562
632170
485466
373804
212301
455509
115471
738546
675012
516478
654154
772387
361797
120147
168375
32240
356832
596264
185660
373247
945863
559419
985103
638968
904944
821041
994138
495777
103368
640377
584057
929197
173146
326811
202662
198221
721021
687348
834194
978253
188871
450733
234684
14092
4517
593677
255140
851486
107298
444823
835485
119082
281440
548522
928921
392174
985110
533232
699398
885478
524188
648233
824126
94213
487166
207610
628591
31123
331222
911845
83254
891605
889390
905106
399182
819953
354902
470216
74041
946798
991129
463528
760473
21135
414205
948340
255549
769894
800292
998194
243085
583853
780587
310366
159788
250750
104523
95004
701767
234748
375300
686865
39664
436030
291714
464271
768677
455067
866417
953850
984028
133209
33120
449834
642893
544546
903858
83117
550609
673580
692368
37991
891960
729043
980703
533402
217606
416287
573642
260776
191231
518978
659062
201912
204734
825415
372313
138119
176805
775586
148797
705746
464490
202176
441311
553415
837825
192036
477359
12746
894433
404211
736512
707035
123926
146430
739041
691301
71251
134046
554419
42311
693618
133723
161916
298642
57396
628737
425425
788524
979377
233595
980740
677161
81077
832721
775937
515429
995225
321299
354114
178272
140380
385922
222636
343846
562592
978524
814168
83366
832310
9132
612160
706851
880227
311305
987067
741367
957519
118699
169501
806091
613946
132000
572606
192446
701522
752560
368369
157768
932003
212378
821178
297401
443161
139639
386840
872809
161851
564845
996408
642251
491116
494655
261537
565756
994092
958836
561717
737564
299235
870358
103650
36923
409384
129406
79107
282058
961462
149235
990059
122325
754087
385053
58445
510007
37155
506711
392855
355930
640445
571808
245538
891967
7563
927873
260522
338761
597056
600608
87255
708381
914252
609762
114086
959372
645446
995004
362007
265567
980254
331252
771490
860241
228498
166221
213849
773641
264733
122543
563489
794598
166536
372600
78482
155893
651929
816319
154340
768233
566834
570468
239453
309148
725181
312582
330572
110801
862346
613453
2817
584660
326801
639205
371115
871173
405417
507277
728553
509039
854576
140228
862072
181340
292279
677068
207009
14779
595694
373936
69412
483430
344089
454207
118666
699884
648854
552742
232866
764341
420321
239759
565487
886153
235365
606917
394307
192545
490256
51503
912148
495628
449995
204182
623901
801579
138389
411602
425426
14758
752361
307209
757300
114758
429502
781940
450021
65803
749643
101057
7165
855645
309207
4163
109102
355000
71397
372570
62303
138809
965730
451444
767848
17036
387253
673774
537685
785391
828715
849014
748272
625354
868278
851298
888651
658028
130839
970490
33618
387823
642780
773860
152553
159653
208008
667021
950583
297294
47347
339836
131148
290702
963925
936293
67684
256597
723885
96962
876992
909265
174806
988424
798019
447486
863458
56172
597145
88718
560023
515769
444719
463072
147683
531638
337444
717344
794461
623687
677374
973282
188492
89012
60643
734502
888370
129278
677703
942865
517017
933921
981694
647861
610485
185140
442759
671479
422395
322739
273439
226224
880207
435161
983949
175402
191267
827666
506026
512494
304616
159395
410141
680370
548753
538151
433289
551291
286107
115039
133156
245111
351687
530682
989408
475763
376416
30546
683909
785071
834892
188981
609113
848123
802839
959909
877490
15887
961273
206638
234710
398439
342397
954146
315472
86130
676516
354198
623229
556207
969759
757013
463702
918843
119166
342759
816950
419244
954679
481977
793896
531420
86873
366088
890613
54430
334737
477491
727274
853341
309582
153298
338574
274826
939178
837585
368562
811308
330452
614119
715199
287704
389607
264817
268598
701305
45278
408787
391771
858018
753334
242610
703861
117113
201210
24586
543200
881854
775157
724009
211181
954817
405540
191077
727807
514376
863352
793888
365918
262834
445337
716036
673470
246810
255650
11632
41893
956988
968719
74150
133408
577000
40997
391340
641349
670173
828540
330476
924891
168058
962865
226568
33231
256120
639276
230722
514155
639638
179899
216642
188049
716826
347874
540360
760795
386387
409684
601583
747628
573139
869379
964617
684928
68066
131407
262669
18008
948067
88086
231362
370410
665913
773203
995660
123784
882316
775020
168932
367367
249752
59960
413731
312164
651603
222511
860923
207350
850384
947370
187125
645031
105267
646662
209975
894374
81805
817999
576582
567281
295716
658477
492586
485126
407763
865166
467547
89731
918234
354428
736989
121639
197199
840405
362215
574864
330686
827262
6110
129688
963099
590303
36424
363706
172649
147807
917658
46207
429283
58471
818436
732102
853497
118568
983361
689005
319674
678466
696644
914692
428978
349902
599390
632061
14567
333404
713218
184841
635814
459531
769993
699673
468434
308080
350738
228835
103844
446204
896384
342755
33797
909357
868839
302594
15257
538263
212902
10552
85699
680607
797901
909209
730436
67904
702481
881061
591303
385996
46804
985572
149944
171925
573465
563436
19156
190378
331804
836372
832195
369722
629788
635659
232635
710595
883535
303760
136320
319330
116561
130757
262132
863953
639185
910946
909783
302284
873092
334851
100475
689662
376864
968012
490264
238080
875370
510313
916151
569016
499218
878236
41337
279021
500050
407313
328833
520100
423285
133183
491488
286228
91959
677038
641767
492798
783666
734876
595995
737597
667164
549871
175525
839893
906002
33293
891199
868480
833639
391793
97684
390031
257818
217507
560710
95878
261533
2315
392931
798332
833751
948719
483059
26921
285117
767193
868154
100437
682198
873486
980349
602422
468389
29237
337032
645761
30409
5418
37418
176277
216417
290465
378658
835744
715068
213624
11061
581506
764414
108909
314733
342868
875378
306189
98828
483703
126592
803337
299862
736237
115700
446964
86939
572684
836836
329183
669466
689490
594755
893954
146844
393111
563206
938959
939868
196834
748440
297577
699955
864874
928314
490431
105066
472970
603279
47081
620097
794016
117608
515852
124730
462705
887542
403401
293180
924976
107589
415510
747947
136025
397064
406731
303658
334930
595986
388895
67263
994408
322796
797104
767282
221026
965935
966757
447535
464160
497113
436241
579680
381271
866190
257333
724129
102564
765925
968981
100312
939874
239377
270026
815004
792604
943604
712536
41314
117813
880356
929827
141201
352066
57773
11884
580764
99403
856694
645743
500280
232784
840974
549569
969917
295666
373293
546529
287219
235814
676266
348180
153917
555264
913207
746999
207331
418326
453765
453805
175537
123785
736665
258189
875709
617980
45163
538738
381464
402163
70347
404674
947738
270587
353268
911715
700676
805012
568941
862295
675206
446811
143580
673958
514418
269657
880999
679594
32546
283723
114941
9324
887339
216644
401142
896240
807738
236958
916299
846818
179295
12501
540634
621711
302399
829281
66602
383772
307362
235546
98355
687529
535602
821334
984862
207959
177590
295512
564216
236324
95949
980331
587418
6920
56023
207776
437034
861007
36422
872513
159436
102804
898523
572971
888900
157329
456561
355118
457661
300976
908929
62758
358086
803124
666481
693652
251471
790701
845071
962555
902499
527494
77279
480258
759253
86160
842192
571977
395732
583233
212339
778942
687132
246102
773282
513801
897739
585772
484092
173456
827092
860396
415881
252208
782152
831912
630735
643601
421513
541774
944865
371100
452297
461644
957470
445757
751157
911041
520755
413275
727911
76324
776763
423387
653635
314037
993073
331222
234616
676491
692185
423332
929391
758634
988284
850344
378166
32607
620336
743650
842222
810037
901852
295371
735503
851999
695413
788793
171377
432690
563939
680746
944656
355290
450926
357909
522262
17049
598282
115778
425509
125593
923117
242035
852781
79516
743776
825328
513471
343751
570591
55970
422345
373810
658296
336818
838086
772908
154711
480617
620584
402059
974291
634340
28602
105692
975276
341560
382785
563887
625679
330657
78535
537284
106007
199669
149096
431791
715567
157852
951273
677660
524401
379509
574523
891072
444351
327440
258723
166295
280439
611333
446749
132617
867691
560698
95059
602589
98730
712450
518811
736807
503929
840002
357589
655315
58574
983732
213667
336824
60457
181959
136774
464372
246517
247059
407675
599652
798572
983109
7431
698103
525898
699472
750028
513049
306356
738971
303152
879480
817938
9820
225166
216765
699103
187237
705970
844431
538892
333678
915199
866291
516835
175866
733302
445587
87801
172326
169381
267430
838420
806881
954201
864736
529377
251557
637650
269948
381850
656644
16949
147253
866539
846110
875278
158611
610181
123386
820019
821808
547152
225495
475659
529879
112691
202779
408449
718615
99482
147003
938262
392530
780772
242325
427633
349507
40906
571680
728790
480513
548092
475353
216595
463128
454414
29032
238560
16290
714561
385393
872751
638509
877416
306268
600156
412973
123624
201720
870198
30322
397411
387838
566369
653514
712426
76841
63563
629086
99021
821066
909462
335243
204363
746707
159447
649603
256952
933638
47793
618031
963569
724440
987485
910919
919380
578756
856827
564359
280848
328341
153060
321074
776324
333705
871558
609578
610611
94976
903702
829938
457514
327647
337393
150634
528313
378109
291204
463398
654300
124391
816507
491546
427965
184273
961480
302197
710124
335957
306713
633916
229203
545749
154206
518684
574098
892674
79879
650748
613494
981751
744266
834776
262196
145631
696914
631871
558971
848574
407041
14404
220626
227237
906366
439225
193450
629516
239566
253720
235879
345683
383651
760309
235158
465324
419599
582353
786006
939082
517955
198076
540690
475976
734608
639002
977653
865074
703835
385527
529750
674552
62740
434624
463376
51671
844549
363328
506178
523995
137779
966526
983775
285125
24148
708692
144822
437539
180126
796623
428978
60602
555368
153831
663766
773573
225852
957152
564003
671449
860334
682255
451457
125744
235829
797119
812528
962813
891134
341186
168257
959059
316988
632762
743608
425428
47272
258393
591952
892782
637732
315314
155860
555317
797038
601702
726750
180897
869525
79345
903657
655214
459835
469485
945301
190930
236704
284957
859857
503473
856482
950391
183263
931898
506538
917128
659592
566259
784527
840617
455960
932175
501555
955475
119665
678784
525610
756986
216642
18052
966192
977724
478073
371386
841896
634120
325898
793780
869774
610153
848184
266226
168616
843995
651746
873863
477871
688322
532118
220379
959742
426139
569921
168395
774054
241328
87840
141110
393834
166786
883917
772218
64086
662903
294515
649112
897087
515232
934284
258682
844585
682621
410642
15478
190608
575702
916734
428788
268169
487
369515
48209
818950
662999
678580
816493
787144
698209
806517
854020
366948
160208
513037
500964
807743
790415
62812
651234
821876
666752
720916
26558
436955
529112
559929
59539
787959
675068
959247
481311
653980
324656
189801
542407
510272
264197
646361
34717
488332
396522
614774
927928
915061
548555
942955
485574
36633
517152
622115
183864
123508
870172
78685
620684
400110
462162
927565
872694
145983
972691
43801
435192
874854
30192
72449
962433
713803
645390
915373
515331
976845
745676
308890
919005
455539
575519
337627
134365
133793
607815
617656
255953
874894
397236
925923
862514
125812
499042
253155
967270
837189
175409
613916
741634
606975
116244
460137
519120
521487
812583
213422
325431
289765
538034
256608
326252
45381
117384
706515
136007
624462
791356
427502
888862
219487
522639
39409
337499
55495
30696
123642
15709
138666
691496
437627
677605
186794
193181
710514
809248
567008
499831
512013
997774
438161
242860
761386
338570
323608
133214
675100
862845
24712
367427
339318
175930
126170
286717
637377
110902
341399
740690
962567
222639
599463
705856
2985
374155
84661
714045
897949
500110
405669
556929
234362
871592
693223
550259
676661
831830
703645
365050
505385
24217
940080
62821
977120
592046
394137
508148
212528
693628
757697
774158
269325
946940
857973
505220
163573
94741
628460
455994
865295
264083
144274
587110
713403
683413
122395
165130
270104
615942
815699
288109
366406
569775
414203
137919
978038
553220
907773
46643
615030
258036
861635
156745
108426
573820
709316
53337
34008
763542
977240
251746
525647
963203
321013
834738
899795
407882
375505
851101
337875
931927
199148
310976
854740
842808
527449
743139
919069
226153
141543
315644
385534
103762
404660
463555
848749
636881
422722
816175
135451
743784
344845
971025
414095
83727
35343
323005
319929
348583
720903
724487
568888
198987
244920
225799
765010
983558
245552
525375
493836
587804
914869
45017
338176
373542
993553
738094
152803
190192
308913
837112
791115
866057
473555
752009
489485
420710
327873
241627
283940
478858
331587
798222
159062
11573
387876
908485
110394
582543
518240
484445
939349
734967
397015
293751
393588
19028
1565
661217
215982
430356
537486
62135
771772
706638
357710
482769
186178
12575
810244
584537
343707
32625
821341
775816
675582
386461
549196
268898
393135
583878
627876
79539
712759
443833
361971
712648
661903
16612
729548
970070
255828
568586
204298
915032
191262
115807
217347
532723
715804
325679
545015
37583
872
345202
30868
95291
171156
259815
828758
451050
125046
438592
788082
585662
418116
979569
693335
57025
775766
833242
817086
127040
251280
952767
648843
122587
651997
996174
721835
734073
619026
688887
175542
116221
664835
944127
63918
223135
548273
234263
447521
283298
598019
507952
992378
700076
983129
155882
139194
949400
473341
142248
903630
238699
931940
439536
21644
789780
640476
330993
463502
613255
567289
978141
305865
553211
860772
889974
573426
198238
173462
575965
939913
978540
904533
716780
112810
398752
85925
644590
317008
892200
431317
789157
539631
224746
17329
16345
101626
724978
172786
462485
681274
872385
414586
551029
130587
936314
687639
367178
297643
425845
741547
461683
596205
84411
208162
456777
248589
42810
831801
535196
968496
530442
347917
7517
347672
236956
706139
673533
363505
15129
690112
620159
234301
120700
499212
431361
314760
595983
526178
524856
846265
721498
389908
475852
154903
683476
264080
739840
324717
734968
679987
144455
464514
164442
275905
884715
433601
328124
415500
526399
295170
850965
204248
699131
825596
856008
195521
743730
123765
743064
996929
567620
736575
604982
62736
357651
745124
843427
189574
601383
940625
925983
620404
75945
559938
512498
205597
77799
47663
371010
770231
187268
965063
602188
693100
288445
475667
696129
715686
398091
803197
856487
168233
96408
679565
844268
125292
998071
78982
317277
484548
753660
468803
271101
600416
529638
398552
723596
897865
779296
495633
227286
842100
387566
839566
142670
746195
949392
246145
860344
161457
24325
208747
320964
14244
699293
116077
249462
228167
686989
893971
493557
302030
489082
403435
736499
201595
861470
767926
640097
967145
933035
299952
166477
639082
849887
850380
425649
460192
743834
213422
900839
825916
156816
686084
314682
122936
792314
2931
716749
421535
610233
645346
596510
968685
833538
959028
955733
566475
392911
604299
310438
214447
699966
610855
534913
844618
410064
711910
308923
584385
12518
692282
684148
745238
669013
200740
946999
654107
710288
849062
522337
519415
596658
448507
136287
755317
949716
919049
836179
575311
470535
747465
751824
210364
173981
867505
674668
806869
389240
488647
630044
916216
403403
709531
622605
500446
458008
717991
646142
547392
47635
1647
866405
713928
115214
271382
609141
897378
790425
734556
415484
272834
775591
945652
962925
128074
347733
709130
92509
777978
215938
412551
531517
946778
149977
727637
155779
269172
379101
832738
796897
980268
249196
182243
667043
439552
522015
376809
447626
865481
1911
872830
968007
545015
883575
110408
186569
826354
328456
136151
878839
403325
298130
950435
35991
756326
599576
618355
481929
127411
430372
649395
628309
76062
451056
272919
604204
487385
557409
14920
220787
885900
77182
416011
361266
45815
73796
821482
422441
182583
803789
921315
376646
460787
145310
121344
871457
159783
991706
886364
539445
601282
187254
911768
351377
861960
571361
352387
413646
369396
93052
365522
84359
711084
759323
909725
662382
373948
388949
81707
189776
675756
757591
270831
100444
849995
740564
63943
546443
102249
486367
142899
238292
468785
487098
382938
546745
477013
651139
982135
430875
932690
128975
730482
480961
640161
694824
461723
994528
499640
944687
321884
540054
219484
435765
735501
905220
831589
162635
853896
675208
304509
442364
829383
941458
811558
363750
475145
802402
630147
445123
742560
385097
223762
40657
976107
90293
789448
336891
90511
643368
441381
489187
655662
319696
245007
562079
371853
405381
516481
458002
571251
552940
158538
945637
191063
196398
316634
232113
129670
601376
308168
262569
19104
443156
602752
76090
225530
29328
612959
98775
323982
413509
192687
212726
384424
682760
34200
803982
153271
643696
605109
762943
617821
980948
873013
587575
500637
716481
828202
322725
946718
459428
733774
58077
38380
503482
107710
102856
801090
302509
672909
757085
48049
234943
898859
807244
752169
853634
302584
488429
631135
10244
376696
675608
284568
341860
868819
493341
531893
612432
149363
366325
565301
312749
573557
772410
154314
740039
68847
605194
416719
501948
660228
105114
605282
19490
283736
775920
950394
139735
32328
567697
845946
411359
928508
878092
568986
924815
424555
600186
283337
873780
93886
528425
293122
155653
396016
923316
384267
396268
972798
931068
620319
757614
665063
856156
143533
767248
326458
992743
372976
194200
555262
835210
488462
688574
665110
8501
242482
500664
572044
185777
951829
100303
787969
593880
986455
928276
379563
446348
195178
829030
576876
789244
486148
937534
697290
796828
214577
923037
188219
512076
121056
528586
885880
391356
310833
287566
37628
783023
167762
147159
241841
646511
156215
483473
221993
401458
180030
654268
270530
785684
539691
802555
273332
996353
557203
97986
457019
190388
622738
982842
389030
628233
757925
275560
304355
359306
787731
177106
533003
368001
866211
324152
658739
525839
410957
37899
52286
528409
466914
828489
591178
234947
142288
32388
703610
473965
37604
183695
355104
430060
523528
350260
234472
185046
313899
201600
189538
850841
27482
17996
913250
2001
335276
198791
987280
792585
849772
82778
652875
225038
128397
54706
97703
528026
35424
979329
622611
495661
234973
978029
783650
942347
772273
442946
492457
135434
541209
969684
101972
182164
933203
582022
704715
867883
115851
220711
227257
369264
199258
973334
417244
599275
13870
933287
488248
679895
345658
893385
12942
184097
252819
303191
636518
340359
522753
49057
319983
350979
418881
651994
116900
339725
613930
420895
937335
214871
609657
947235
359228
910409
2530
82268
310095
51243
670715
198894
360905
77436
329789
107708
449183
258083
932922
470420
79838
827129
75829
933697
439896
681489
907618
492600
407268
696041
45753
785199
133893
730625
646629
118563
740021
830884
92856
31201
669107
957829
724179
108185
421727
820257
660982
582547
712136
29645
47715
980180
572514
848934
978078
695364
567643
264573
954685
920165
76736
975516
982951
793334
549279
163309
302291
982974
748243
584208
317282
172117
256686
607257
507263
77501
942734
311511
964910
699191
653092
651102
742665
472360
136730
998614
370428
872394
88034
85212
748790
810636
242687
470261
119121
850462
659745
193661
965150
872016
679784
190874
510273
318816
561733
383655
940603
570567
469922
98721
605879
303911
308079
612132
228657
926468
878463
168896
586787
299408
981996
785324
224969
999941
369232
505913
498311
317453
902164
557066
654067
25704
893330
16672
717339
728350
351394
201627
662353
236187
781271
964596
722963
1913
262129
486843
724380
111824
757984
955712
2677
713755
3334
723340
819463
46681
850220
157459
176158
429829
663287
415625
585650
667715
205870
801005
668674
332476
472820
190823
408069
295936
94749
267853
516142
701273
263529
930845
648702
287761
610373
311517
133869
611957
105488
283773
474610
244830
842244
215051
131013
466711
519004
980224
991629
330583
538198
935213
502783
219096
904929
630508
640586
181858
526327
534038
782426
406892
88082
928320
63063
153812
416021
448615
985014
356157
118289
436784
893721
886426
347650
399833
425081
169765
723595
382607
186243
430892
810429
990891
740120
363704
60156
134136
429911
424161
797978
296344
701994
264434
653364
289090
363849
49914
821139
992473
648275
530565
674720
547759
45963
774269
547545
829754
615548
412142
948997
797443
883623
94478
87501
498210
506716
610833
336219
83916
583097
788910
195694
186434
874326
854278
382983
395689
224778
406596
908271
385047
151961
547897
387669
436875
921246
984616
384804
735394
415720
117430
274054
814400
765173
231616
974685
974239
7816
905499
917869
315384
24128
665728
777487
275259
604332
735457
820835
200436
789286
445180
216795
538098
559159
505828
276693
688670
535102
879876
397077
425782
606148
428597
423777
60212
296954
862220
263095
201263
251509
774645
828656
51975
423805
705483
831397
663881
438492
239607
495364
472498
112905
127974
13432
736514
316370
293433
444771
211617
183569
371304
799801
504216
195769
126933
258606
70751
797064
691040
825189
755104
22363
58588
232678
89591
79625
707992
583506
324290
950981
514910
33816
294970
855647
358463
812758
791631
852136
947632
5063
47690
948076
431700
819201
334085
833031
300999
513661
413097
753027
932851
760286
783441
105055
892464
986347
231171
45666
759710
155939
190227
779806
820044
526501
811935
224390
431515
147709
444554
425678
259638
257669
431938
450321
858098
275305
754687
467035
265574
788005
57609
389168
387655
790065
34131
758007
937674
440141
971265
512470
621426
774875
498004
912939
68122
141049
225545
165256
733564
590087
19472
225526
631401
116388
102051
857157
284468
414946
47050
258657
730593
783899
999994
484003
765872
904079
133531
437015
863328
490366
430600
436924
365964
228555
377321
224449
620642
986668
43080
805997
692815
21071
326985
718153
182051
785469
857936
135477
444408
994774
149756
741690
220101
796062
133378
437618
263539
255260
114813
768888
77689
880909
540651
422142
265870
575289
692093
260634
331429
228401
574029
148378
979433
151725
817422
246607
104348
686378
371281
557091
683840
614260
124754
233971
741193
450927
370378
589049
387499
305429
196291
775072
709623
755000
478215
847354
931114
101462
131262
276155
840584
451385
677152
10558
955742
293501
984159
879145
271125
634550
245132
453614
723703
298707
873187
498519
702960
695898
15167
783674
30605
220799
809735
345292
840040
456969
349977
247780
696781
529547
549625
520168
118425
275109
757557
219473
376420
378753
16943
507866
91729
266148
323457
221345
672654
332257
101209
654661
85435
38613
385551
190585
796907
517490
878697
961177
983341
584003
127082
944520
260770
476106
558649
772458
259437
217669
13764
53219
338690
231241
705208
197340
618476
714822
250721
576154
289755
340899
535806
339171
858539
36194
685035
369978
576853
957030
346826
669900
818863
287903
829706
924433
571485
159806
367295
129571
526213
810031
934781
933439
482522
86640
591402
783246
903086
538464
281453
58361
497178
625474
390617
117399
651025
34511
124895
590533
372482
691867
956194
307803
172324
826843
961625
970022
965535
359417
872833
40945
643402
960284
47169
367696
440824
363047
374298
721002
603136
895971
339818
787621
142892
744687
81753
144408
669424
157438
296248
396799
372620
660875
275610
974037
247269
367130
194786
39312
555425
621828
1669
595047
341654
567898
912117
141868
539638
681491
562323
184399
838501
973996
329189
467804
13363
348112
193617
76101
866991
546109
792121
426574
278075
234863
978947
754191
106515
34956
303879
895742
867254
720052
300163
55501
151563
387988
372510
762520
748335
136438
376873
414231
297802
663712
691713
641882
96247
259201
694728
230358
362647
848178
79524
478289
876830
112082
373456
693925
403597
218161
350902
988038
728411
361232
775444
647227
447617
145563
49999
149293
879813
816300
905637
316932
594848
487565
217885
196810
93087
808293
403537
998167
109930
957077
621517
828391
869243
463733
178091
22603
364212
117990
119738
580102
405266
144652
986240
592567
742138
899789
92073
577288
40687
573943
505913
313207
875085
776037
106116
118408
182007
415617
704248
504760
815934
1271
249284
798725
943241
329474
551826
626929
17664
550848
800720
130892
990872
769742
383689
397420
229230
658247
169126
869442
331492
47196
457931
436662
672038
94397
272305
496242
30409
424306
512641
520739
110261
583521
784200
573920
99510
262930
371978
774572
678311
60
925206
924306
42653
494087
902166
387380
578726
241190
721533
838916
796869
929355
868176
682443
13759
919466
909409
778512
57666
183402
491890
623218
963959
270135
909904
268767
226699
227198
762527
87809
677012
917630
550144
949066
470104
841437
800100
493860
980130
395797
456713
981479
625769
489697
822701
605863
779272
566369
297013
276932
947819
380861
518383
606947
358474
330231
294367
245604
926607
740357
872432
767150
342565
275997
692648
28597
672487
559711
750793
290232
436562
160439
96207
417887
601643
343979
790454
171037
305016
365298
860900
921611
412272
626567
397545
145450
204591
724993
961964
681701
589386
270975
903959
64973
233161
369791
14562
200913
926521
829005
183246
277957
308709
478930
372743
86266
802638
474956
276596
849516
241292
88263
482620
265938
202487
285333
829655
702158
511379
346930
915543
386640
718730
883616
390994
9158
617825
867595
757037
348501
24085
719605
872974
422716
108763
64785
277305
184499
551795
502881
725820
968917
658709
625858
59065
741466
372680
559916
625668
691538
805143
509132
8496
869697
507072
134351
727368
376719
207860
113701
925096
78198
159905
899987
782826
940547
544372
515482
556212
862603
617240
206017
675674
311559
404628
914012
312034
162791
792513
824019
173036
890230
798358
684527
66829
657227
660782
216261
945175
917439
138296
679866
722207
851080
69256
594833
153810
333974
812580
676719
458176
165118
662384
291141
159880
963094
709608
110750
847805
482438
909796
205299
151526
98177
308626
495143
261235
860049
475361
354949
743093
827496
199332
167073
234853
362343
415654
793032
845910
678143
143778
256666
731384
223484
946116
414057
361651
411139
43850
22952
466709
795743
763177
418380
499043
49759
427613
951362
729160
990822
160633
454044
764704
473104
317784
257286
367101
171184
428552
705691
928906
156951
595645
690230
870560
698427
272996
450099
517019
893911
223646
783106
722693
595735
244837
847856
627448
574926
939997
941180
446874
31434
415945
990713
126817
364142
288528
15210
25176
580684
791035
474143
523195
849184
97097
253310
614040
472342
193455
14643
68147
998859
767819
776072
732898
278021
613189
881300
888381
10329
992415
969462
351544
750383
255359
161166
197783
377787
755948
440046
552024
767695
777516
127953
890614
764644
742227
427055
690839
591675
453988
233609
66656
511295
504171
815835
237224
895665
255570
492273
289078
860457
12407
147204
713303
270158
82851
276164
625819
232145
445378
267254
411892
162717
641433
792930
775256
130286
334256
512120
817725
459305
697347
763977
826941
513030
425932
572265
907902
164074
700939
73329
458194
708765
877360
430787
757321
884624
17502
406529
617329
209889
644549
20303
124889
79784
252937
149127
994291
926350
179475
492927
946286
276930
412741
64287
829491
731004
798197
247874
909065
715882
882571
519028
861621
378809
333454
111237
535872
126405
468695
278648
465221
131885
935035
312438
451563
596347
986599
138859
278789
672491
131192
151919
760002
737443
136028
915151
874216
135922
514379
504575
706317
605827
650749
558936
268313
345378
664610
553481
50409
84264
961311
419984
327230
580832
173699
398430
827469
683155
859094
924701
364540
463916
883674
433823
421314
967324
899912
189761
483757
790881
702650
640439
126306
65640
535467
340642
466098
395630
611432
185608
623631
970490
210926
554584
254239
374888
724134
976337
47737
584140
916904
97502
332870
257515
516097
59904
568698
719015
934136
874393
556815
950010
582388
16451
666289
508924
759119
262759
227506
540219
540152
738122
521554
938276
449002
248584
468594
291308
938113
239263
201646
446299
874009
134392
201466
407994
286490
392222
563730
813307
615680
338920
271466
407098
570622
733271
53709
786039
499195
57932
525588
174435
861580
733205
825583
149106
998083
805718
892433
40075
887033
177114
857194
199576
999585
106788
765196
454004
675676
547892
988159
831724
668956
857316
238485
94228
638478
557992
55760
688984
400980
125852
999733
489329
700042
223972
554581
90136
96996
412827
925997
487530
343358
128356
495665
686744
255698
638401
686926
154283
681223
763343
390978
58898
616000
378167
904664
930411
917620
100893
538959
706280
340244
116257
671489
132852
812333
783728
36938
141577
976039
535368
475959
130012
12068
581774
196202
43291
684998
113249
838344
773778
361387
8573
285494
674964
476671
545174
206132
920218
556704
242202
778718
27851
435943
761942
910387
120985
756656
745227
532643
394076
182180
562916
233735
817481
12103
228227
570377
327300
48418
133658
890776
619786
629057
851407
396396
197931
718847
967666
471678
502411
827815
808851
18912
799910
312909
961768
649757
998873
311572
689932
105356
716104
154253
704679
203815
727159
607805
262410
946762
399334
712865
228275
156012
828084
295701
571757
156830
176072
458616
741106
576067
148578
482916
501237
281451
629839
614549
113670
852551
251956
144942
187269
744474
71332
48152
135000
482073
587161
190368
934609
805496
52316
788919
810074
677122
399058
365309
525878
455463
130305
910475
217595
343366
211767
360292
69974
425848
341074
765539
697662
227163
967103
732874
783885
737203
86020
812024
388869
284094
150124
509283
352458
462860
391415
518526
384363
569278
483843
578344
760627
633560
746576
87522
26387
200259
25115
240998
742656
458793
977987
984520
108847
193248
743746
528668
242911
290632
866394
511469
7428
223494
916844
153777
532701
5844
463925
912695
6792
610573
920452
205680
877720
732049
318240
751657
344391
79370
250484
955301
900614
93718
60767
546792
740427
97542
855011
381762
33212
403798
66035
904732
433482
840235
109907
284269
702943
476718
139153
639190
991363
82842
19907
92552
147988
988593
438446
613771
416682
572583
477093
739127
5672
560375
90306
297008
316704
679686
658852
206674
68651
989759
203257
267901
157002
378952
897322
613805
853416
307604
238296
160231
868436
862484
602375
952501
875640
584662
942520
783945
327007
334361
70149
840506
776905
664397
303080
411876
476096
788041
259181
901953
697346
247663
228491
470099
110636
817269
866154
639510
538731
5042
914329
120183
592734
761281
283299
911319
12515
642603
100345
471643
18292
735070
269483
376018
617398
96876
676032
412845
604139
345512
417006
519119
940923
284821
341670
298680
315219
144120
746157
124029
929636
84567
281884
983257
1359
117216
9534
300992
22343
472707
58747
935910
563155
764294
538179
437238
291005
993930
181454
428808
916497
565369
711559
681612
983781
988775
59608
34429
775274
888072
383407
826976
114777
255273
297134
921199
521790
635297
845473
703647
995004
70282
533875
685566
684405
184160
161213
447178
849103
746273
291872
708792
791968
417062
951432
253735
912344
149367
533386
276749
624529
895640
963932
486377
652454
854386
887679
950992
129897
478376
9188
245500
10782
862724
753589
929400
525560
932654
94077
766739
807353
58787
734927
384658
355497
342049
835706
259600
704321
830812
115734
18864
521414
359614
487350
50117
372378
531836
332421
322548
557948
607968
158556
140797
754626
706587
649834
276368
671347
776947
61421
551150
572456
260089
498258
483792
311177
219609
865089
52073
467963
993769
178413
973011
294580
97373
490498
157382
427430
184824
891457
156401
752616
375074
927397
485761
380405
134649
301032
685787
418212
216709
905677
856417
118913
862107
84385
191803
25260
582667
503046
731721
931325
367409
179598
145635
838398
79210
21066
870108
595420
142393
685952
331409
582986
360998
711602
302537
625170
852990
624458
667527
294829
637434
185700
995768
915781
369645
15593
365217
859168
83613
586929
815755
181517
571484
981263
662583
258472
206649
861229
654425
830841
600001
828029
622441
798564
468169
705271
833140
173407
488056
318628
732214
832608
713758
25394
146097
103431
339956
588813
294174
752494
210123
989117
156977
653966
488402
416560
844304
267144
340768
1280
612103
66630
304088
800650
88079
237285
260964
186842
83395
271299
583732
55677
91418
586202
62780
212351
204408
920305
692310
880506
715120
56014
250975
528140
112724
371673
885293
107204
531041
829002
580517
363266
961993
265926
486650
87494
708310
283519
556522
55225
616887
590980
848412
923746
607852
404013
147382
546478
894264
379676
267568
1544
73506
614696
511877
129821
963816
434472
286081
530856
658025
56391
791041
774614
771481
723826
49803
52848
272223
576081
265571
615933
598905
344795
652068
119363
995566
948703
429550
438634
122231
196405
637749
602096
36483
100706
781281
238400
583496
758286
93556
338505
80674
354918
381998
191772
937923
619142
362
71484
515701
966239
483243
617220
90386
649560
773323
889824
270143
467699
773693
759261
584321
963697
165602
626508
255593
596413
46205
477673
356380
64383
961442
921853
649785
818959
335877
173834
420100
816164
134402
908542
509121
725719
829899
536208
591862
140815
396519
725579
448894
813705
99966
937015
622441
579863
314175
318188
379469
427402
458056
562124
347403
118641
416465
230693
536732
877168
486327
606180
719655
916411
971838
349416
295047
4716
41944
115023
837404
837084
358789
802613
501053
715204
287587
307405
330834
925072
206387
474485
316530
245479
548445
458054
720760
220797
730430
840297
808658
187986
46467
674101
612543
560393
940987
79636
775925
539898
812653
146926
838567
254135
647124
674830
547974
296971
328158
711419
912530
788115
434598
951578
747672
361679
695013
794717
408853
943711
42287
268797
253675
785148
387214
86441
130478
979369
813141
814747
851777
612419
882986
512449
178339
769233
145448
216435
313324
850576
728988
344159
285785
43156
120178
419352
888970
329275
837247
525455
31239
122620
730199
544566
456055
473190
65597
549222
792373
797101
387140
680196
807901
255922
382413
465524
555081
235403
631685
814314
823279
854898
166411
853476
940531
76496
223077
366286
504365
776784
442303
838825
63571
94400
33619
23602
121427
472957
103084
489279
85788
81618
423941
841215
952560
714551
419731
169617
576476
845684
24831
810424
356721
246627
389106
688600
44819
463330
101399
354334
168369
490976
720826
319735
256548
186819
925353
456912
651974
317111
513896
27897
198377
646967
831184
382699
504683
150954
923886
483862
803473
247389
882024
194170
645429
940773
371418
698776
801265
894499
320967
523806
778751
749881
92767
360578
304855
457798
233636
307895
971623
995640
83333
204436
999330
604976
97769
439096
731558
604295
734792
999194
44231
906361
145611
544787
324281
601179
716680
981891
53495
353255
714898
348254
319240
905798
903208
822364
766114
684669
14200
319722
601247
351364
396089
449972
270820
167009
978422
574282
336525
198260
944154
324480
898068
721234
140225
223728
631443
661019
310529
983115
142592
542015
693170
639353
872214
218303
388179
945849
229823
603429
172344
332721
983856
725444
114577
310924
189450
695725
428266
411451
96677
599065
486283
622651
549404
887687
819850
817042
358567
593317
224231
843525
13539
559120
802194
801784
881400
937253
890482
512676
736308
398003
335003
351760
59795
852889
507244
422690
57695
6837
787394
512992
750548
723464
978922
396841
811703
12703
264892
827761
50988
431446
867998
998747
571665
825591
534386
338118
664567
635800
325507
256498
445663
439499
972823
863627
91936
8065
226899
733276
285350
920865
215433
510376
135814
696756
814065
526510
421427
478828
429251
618278
457916
539640
394312
27580
289090
261889
387731
603695
176222
793394
897053
524119
556699
275466
772227
404417
740875
400201
339024
976936
620972
64899
376124
484037
576988
60795
498775
553586
581971
58429
137392
602735
232633
633501
351239
750634
61172
714674
175362
811512
20304
628793
63152
186623
475885
869151
257487
376913
390129
818898
600103
397795
633329
924357
371881
593255
523111
231994
246005
218593
757617
777949
331411
689400
882688
50507
585758
578963
312951
633558
585122
287103
712883
183069
751885
800506
236300
88760
662793
117968
721329
529639
985935
723491
442846
144737
928372
956038
435452
209337
815420
246783
717474
32168
568109
973055
970094
270519
397072
112696
355594
997867
989142
973421
194851
652619
827205
18812
166570
446711
54325
215887
539416
419290
469961
388803
703044
83381
829080
779005
925200
532384
604216
384274
829424
948460
766064
677378
561518
686290
939936
989668
992841
493398
503406
185725
594618
972169
804757
252262
809821
88896
702322
77814
847837
391617
51579
9283
831991
611230
599882
737272
141163
489282
987941
684175
604071
1049
202696
347321
928484
623972
877972
984058
377450
939175
297320
616455
240810
647785
817697
580391
92619
33937
703155
747109
173738
12786
34467
104892
493748
164582
443611
604331
407458
574766
911314
42727
488681
875270
761339
291500
497563
613624
286994
355018
117643
964208
153290
590125
924963
839879
832512
912677
743918
662445
851392
970737
143164
406875
554901
73632
329808
46849
424633
131932
111211
198176
729046
985431
911132
581821
428317
274573
50569
909719
808323
445305
633549
934253
276284
568195
414217
696217
114843
399676
964004
456274
761874
516644
306248
401380
360080
415176
940549
980318
903413
179970
840252
641458
296663
703181
573854
821030
40005
459622
174756
261654
52112
529919
763653
128566
353407
903965
214012
934927
945303
94155
343441
987786
241783
741147
212413
922725
836441
204504
116675
907904
221089
96366
770807
267174
311321
338397
997782
597105
279906
600542
963011
934256
250664
914729
621239
166663
863471
847447
580786
677507
585298
862221
32017
159100
912710
406312
735560
641767
287981
815536
320659
44914
634038
346949
305195
976510
902630
521161
316293
82394
925719
484417
964053
978290
161752
285111
700835
685077
636562
800256
784664
531834
492849
544461
157687
691358
82728
747336
649271
869306
464581
894762
418195
180798
498449
395338
959525
917283
473475
155346
319157
731643
346411
623904
382622
750967
221941
304578
234659
264116
663614
820488
622162
925168
788407
367069
495522
863977
868465
789935
452000
701592
340321
584876
659638
230911
704894
832828
501390
441951
790832
454748
746480
646256
249284
199622
529683
686452
949908
463416
799065
604623
155980
377606
178873
687165
970680
602978
386650
503910
567166
917722
442266
415831
141802
998411
911451
38270
362896
758269
337561
315618
326594
229225
832650
188550
677048
252525
522613
316372
599759
177311
170986
954730
854996
357320
842169
882880
882449
483000
907204
224901
278773
689593
43854
115698
626467
941368
137651
425313
735501
407953
151684
174044
848386
420821
100282
846012
254891
126293
235401
540323
64354
135987
434382
786617
591560
316472
563896
895778
926390
356950
287268
916747
777987
907106
381007
626837
610924
886853
131252
495654
423849
35493
791975
231651
260389
889909
404163
345561
687547
159712
498843
146379
28626
901840
336686
723271
95696
987918
373065
760742
530893
104785
579818
484552
636346
931868
103621
642379
749259
198705
495713
185842
801740
41706
408916
239532
694159
451313
225198
17802
506372
629054
550735
581598
372899
758563
895244
715245
56125
35410
138549
747076
865885
797735
579675
837987
594287
252915
462442
118438
561364
605134
876383
67121
700211
354502
842948
693458
849446
160449
214355
411284
66406
940465
736071
972533
826210
809787
253767
467413
429838
58480
581782
191521
808647
609433
992440
130545
183223
304096
634261
919629
711253
922350
441943
397184
342100
58756
262168
291887
585019
849455
986611
156761
793452
72344
457236
395736
869630
327711
788771
115726
1666
847322
539450
581254
159637
977055
853451
248803
597612
531457
297107
714569
535383
28196
615857
421934
526621
276200
50025
643971
759478
913322
164896
81447
681139
267727
374204
398267
889583
351732
466025
153977
193847
887675
476188
886903
108306
12443
196717
551677
817025
710620
455445
121390
820976
85785
57811
927241
63931
295304
943015
227564
322084
346031
674037
573274
37996
976670
854730
768204
581168
537084
446996
610553
125601
115709
247274
145550
948926
163246
973873
859681
978216
514169
515371
103243
834337
17126
895164
40696
459701
951154
418373
597230
653572
26682
284710
195151
484523
48631
674548
555150
601477
253462
945295
475193
922694
922899
111328
293742
46402
124050
223117
694182
997198
329034
609805
613807
599174
226763
204389
283378
849691
255340
331774
842250
156974
255628
407376
549221
200260
174854
967566
340737
472916
933665
333120
375748
277017
410920
993001
250496
52099
997508
488161
766663
441304
323869
173691
492796
424923
575404
742521
871600
184310
275837
805023
294629
98441
540609
136234
391119
420856
580752
426060
759139
736527
672221
497703
504939
256147
896519
995677
250311
369656
705480
487177
717975
651268
766439
769187
611470
685063
603557
928601
268678
663199
266888
363755
487109
